HEAD_POINT 1 0.56 0.95 3.54 -0.2 0.0 2.2 1.0 0.0 0.0 0.0
HEAD_POINT 2 -0.44 2.32 5.61 -0.3 0.0 1.0 1.0 0.0 0.0 0.0
HEAD_POINT 3 1.53 1.31 1.86 -0.3 0.0 1.0 1.0 0.0 0.0 0.0
HEAD_POINT 4 2.00 0.62 2.51 0.1 0.0 2.55 1.0 0.0 0.0 0.0
HEAD_POINT 5 0.96 0.04 -1.14 0.1 0.0 -2.55 1.0 0.0 0.0 0.0
HEAD_POINT 6 1.66 0.41 -0.35 -1.0 0.0 0.0 1.0 0.0 0.0 0.0
HEAD_POINT 7 -0.86 0.0 -1.70 -0.3 0.0 1.0 1.0 0.0 0.0 0.0
HEAD_POINT 8 2.00 1.24 1.41 2.41 0.0 2.55 1.0 0.0 0.0 0.0
HEAD_POINT 9 -0.66 0.30 3.36 1.20 0.0 2.55 1.0 0.0 0.0 0.0
HEAD_POINT 10 1.69 0.85 1.07 0.0 0.0 1.0 1.0 0.0 0.0 0.0
