DOUBLE
TURN_MOVE_TWOD
TURN_MOVE_TWOD
1.0 	-0.3 	0.0 	1.57	0.0	0.0 	0.0 	0.0	0.0	0.0
2.0 	-0.3 	0.0 	2.35	0.0	1.0 	-0.3 	0.0	1.57	0.0
2.55 	0.1 	0.0 	2.35	0.0	1.4 	-0.2 	0.0	1.57	0.0
2.55 	0.35 	0.0 	1.57	0.0	1.4 	-0.2 	0.0	1.57	0.0
2.55 	1.50 	0.0 	1.57	0.0	1.4 	-0.2 	0.0	1.57	0.0
2.55 	0.35 	0.0 	-1.57	0.0	1.6 	-0.3 	0.0	0.0	0.0
3.00 	0.00 	0.0 	0.00  	0.0	2.0 	-0.3 	0.0	0.0	0.0
2.00 	-0.3 	0.0 	-2.35  	0.0	1.0 	-0.3 	0.0	0.0	0.0
1.0 	-0.3 	0.0 	2.35  	0.0	0.0 	0.0 	0.0	0.0	0.0
0.00 	0.00 	0.0 	3.14  	0.0	-1.3 	0.0 	0.0	0.0	0.0
0.00 	0.00 	0.0 	0.00  	0.0	-1.3 	0.0 	0.0	0.0	0.0
