IMPULSE_THREED	-1.0 0.52 -1.0 0.924 0.0 0.383 0.0 0.0 0.0 -0.1 0.0 0.0 0.01
0.0 	0.0 	0.0 	0.0 	0.0 	0.0 	0.0	0.0 	0.0 	0.0 	0.0	0.0	0.0
0.0 	0.0 	0.0 	0.0 	0.0 	0.0 	0.0	0.0 	0.0 	0.0 	0.0	0.0	0.0
0.0 	0.0 	0.0 	0.0 	0.0 	0.0 	0.0	0.0 	0.0 	0.0 	0.0	0.0	0.0
0.0 	0.0 	0.0 	0.0 	0.0 	0.0 	0.0	0.0 	0.0 	0.0 	0.0	0.0	0.0
0.0 	0.0 	0.0 	0.0 	0.0 	0.0 	0.0	0.0 	0.0 	0.0 	0.0	0.0	0.0
0.0 	0.0 	0.0 	0.0 	0.0 	0.0 	0.0	0.0 	0.0 	0.0 	0.0	0.0	0.0
0.0 	0.0 	0.0 	0.0 	0.0 	0.0 	0.0	0.0 	0.0 	0.0 	0.0	0.0	0.0
0.0 	0.0 	0.0 	0.0 	0.0 	0.0 	0.0	0.0 	0.0 	0.0 	0.0	0.0	0.0
0.0 	0.0 	0.0 	0.0 	0.0 	0.0 	0.0	0.0 	0.0 	0.0 	0.0	0.0	0.0
0.0 	0.0 	0.0 	0.0 	0.0 	0.0 	0.0	0.0 	0.0 	0.0 	0.0	0.0	0.0
0.0 	0.0 	0.0 	0.0 	0.0 	0.0 	0.0	0.0 	0.0 	0.0 	0.0	0.0	0.0
0.0 	0.0 	0.0 	0.0 	0.0 	0.0 	0.0	0.0 	0.0 	0.0 	0.0	0.0	0.0
0.0 	0.0 	0.0 	0.0 	0.0 	0.0 	0.0	0.0 	0.0 	0.0 	0.0	0.0	0.0

