CAMERA_POINT 0	0.0 0.57 -0.02	-1.0 0.52 -1.0 0.924 0.0 0.383 0.0 
CAMERA_POINT 1	0.0 0.33 -0.08	-1.0 0.52 -1.0 0.924 0.0 0.383 0.0 
CAMERA_POINT 2	0.0 0.33 -0.44	-1.0 0.52 -1.0 0.924 0.0 0.383 0.0
CAMERA_POINT 3	0.0 0.75 -0.50	-1.0 0.52 -1.0 0.924 0.0 0.383 0.0
CAMERA_POINT 4	-0.08 0.81 0.0	-1.0 0.52 -1.0 0.924 0.0 0.383 0.0
CAMERA_POINT 5	-0.38 0.45 0.0	-1.0 0.52 -1.0 0.924 0.0 0.383 0.0
CAMERA_POINT 6	-0.02 0.57 0.0	-1.0 0.52 -1.0 0.924 0.0 0.383 0.0
CAMERA_POINT 7	-0.15 0.0 -0.15	-0.720612 0.0199779 -1.06399 0.863438 0.327018 0.246537 -0.294538 
CAMERA_POINT 8	-0.45 0.0 -0.15	-0.720612 0.0199779 -1.06399 0.863438 0.327018 0.246537 -0.294538 
CAMERA_POINT 9	-0.15 0.0 -0.36	-0.720612 0.0199779 -1.06399 0.863438 0.327018 0.246537 -0.294538 
CAMERA_POINT 10	-0.45 0.0 -0.36	-0.720612 0.0199779 -1.06399 0.863438 0.327018 0.246537 -0.294538 
CAMERA_POINT 11	-0.32 0.03 0.0	-0.720612 0.0199779 -1.06399 0.863438 0.327018 0.246537 -0.294538 

